1.681088
2.101962
2.528731
2.978159
3.418333
3.863536
4.329515
4.807687
5.242113
5.67661
6.089401
6.5025
6.966497
7.439567
7.902021
8.344857
8.76527
9.178067
9.614917
10.023787
10.429801
10.860116
11.295358
11.704362
12.109785
12.529747
12.956747
13.394739
13.852686
14.261807
14.730889
15.118797
15.506565
15.901663
16.300849
16.697133
17.09345
17.489429
17.88459
18.303947
18.692475
19.087706
19.483355
19.887534
20.284457
20.693089
21.081362
21.477821
21.873299
22.269604
22.666664
23.062906
23.460245
23.856968
24.262243
24.65052
25.038144
25.433873
25.83846
26.234246
26.633158
27.027966
27.432446
27.82838
28.224891
28.621382
29.026193
29.421922
29.818014
30.214151
30.612376
31.010834
31.467828
31.911493
32.299063
32.68724
33.083131
33.48758
33.906395
34.294367
34.689074
35.085559
35.481388
35.876998
36.273024
36.672684
37.06919
37.46632
37.871011
38.266802
38.662677
39.058563
39.4636
39.852477
40.240713
40.636139
41.033474
41.429134
41.826328
42.222523
42.617458
43.013442
43.409317
43.84395
44.232878
44.628065
45.023757
45.428136
45.824175
46.220353
46.624404
47.030136
47.425488
47.821167
48.217736
48.61402
49.037539
49.426243
49.822169
50.218009
50.614449
51.009991
51.415019
51.810757
52.206686
52.602649
53.007722
53.429251
53.820497
54.27419
54.740631
55.128701
55.516552
55.918501
56.314939
56.714186
57.110328
57.51262
57.907991
58.308046
58.704712
59.100549
59.495819
59.891709
60.287547
60.688798
61.087594
61.483341
61.887527
62.294974
62.717134
63.156473
63.563061
63.951365
64.339468
64.727714
65.123619
65.519655
65.916181
66.31168
66.711718
67.108522
67.504258
67.906539
68.302429
68.713376
69.102195
69.503917
69.899713
70.295996
70.691778
71.088
71.483835
71.880545
72.277548
72.683048
73.078819
73.475039
73.902373
74.290529
74.686778
75.08513
75.487794
75.886534
76.294455
76.685636
77.096227
77.484146
77.878015
78.276176
78.672003
79.067303
79.464161
79.865332
80.262733
80.659059
81.054474
81.4599
81.856356
82.251923
82.649824
83.052632
83.445383
83.873296
84.279522
84.672317
85.060329
85.456017
85.8522
86.248362
86.647443
87.043286
87.446066
87.842233
88.238022
88.634201
89.036912
89.432916
89.830063
90.227106
90.622854
91.018584
91.414706
91.811388
92.207722
92.622545
93.010178
93.413868
93.809955
94.20651
94.602671
95.006393
95.402364
95.798018
96.195439
96.618849
97.007046
97.403039
97.798924
98.195199
98.59138
98.986799
99.389759
99.794701
100.183032
100.578306
100.988395
101.376561
101.774007
102.170323
102.573876
102.969868
103.370535
103.766754
104.162407
104.558243
104.954481
105.350049
105.746351
106.141948
106.537943
106.941503
107.337247
107.733741
108.129811
108.533415
108.929749
109.325126
109.721378
110.117554
110.512675
110.900935
111.289312
111.688644
112.085394
112.481568
112.877467
113.273558
113.669574
114.065924
114.463033
114.851492
115.246592
115.642387
116.045045
116.44144
116.837221
117.233329
117.629318
118.025181
118.424688
118.820629
119.21665
119.613318
120.009034
120.411978
120.807971
121.204116
121.603163
122.02817
122.41628
122.812842
123.209135
123.604798
124.001151
124.398722
124.794698
125.190535
125.586282
125.982247
126.378091
126.777297
127.172884
127.568726
127.979609
128.367946
128.764387
129.172738
129.576924
129.973208
130.369054
130.764966
131.160757
131.556264
131.953805
132.349602
132.746042
133.141665
133.537487
133.939915
134.337465
134.733706
135.129173
135.533038
135.929075
136.325036
136.724265
137.119831
137.515961
137.904354
138.292307
138.689025
139.084743
139.50958
139.905485
140.312308
140.741616
141.12898
141.525439
141.921909
142.318542
142.714868
143.11127
143.509726
143.911809
144.308141
144.704975
145.104138
145.502992
145.897909
146.293967
146.698854
147.130244
147.530929
147.930007
148.330156
148.729084
149.116821
149.528309
149.936951
150.343752
150.75305
151.181902
151.591523
152.003658
152.411792
152.818737
153.223885
153.627042
154.035191
154.442686
154.850078
155.250915
155.658274
156.068708
156.483126
156.885016
157.312691
157.722765
158.128545
158.538249
158.948231
159.358374
159.804108
160.205027
160.614887
161.029413
161.439204
161.850196
162.259537
162.669482
163.076932
163.484237
163.902761
164.316629
164.72766
165.116059
165.520195
165.937523
166.343935
166.758585
167.166006
167.581269
167.989937
168.400341
168.806469
169.206231
169.605666
170.022552
170.424014
170.834441
171.237317
171.645529
172.047691
172.453955
172.853424
173.258336
173.658895
174.094207
174.504271
174.913369
175.314875
175.723291
176.128738
176.538011
176.942575
177.350751
177.830261
178.238062
178.626056
179.037353
179.43507
179.833692
180.232756
180.653964
181.041766
181.435677
181.875362
182.291486
182.67931
183.081677
183.48429
183.880233
184.276172
184.67215
185.077394
185.472967
185.885396
186.294173
186.693148
187.088569
187.485091
187.891062
188.30356
188.712377
189.133528
189.556903
189.960737
190.370438
190.758319
191.153327
191.551204
191.948025
192.344612
192.740571
193.136066
193.53402
193.934368
194.335943
194.732611
195.137212
195.541925
195.937422
196.333802
196.762408
197.151
197.546237
197.942368
198.337656
198.73485
199.130745
199.52709
199.94309
200.331233
200.722835
201.118546
201.521395
201.917959
202.313915
202.710495
203.11348
203.51155
203.902503
204.291658
204.68756
205.08347
205.479817
205.876504
206.272682
206.674405
207.07363
207.513163
208.003062
208.391683
208.780144
209.178817
209.578491
209.97739
210.373954
210.769625
211.168105
211.56296
211.966915
212.371295
212.767087
213.1569
213.552697
213.951107
214.349834
214.747459
215.146632
215.547047
215.935346
216.331495
216.7302
217.12596
217.521929
217.918218
218.31424
218.710535
219.10652
219.508277
219.898526
220.286738
220.683143
221.0854
221.481183
221.878823
222.26767
222.655305
223.051402
223.447193
223.843449
224.240085
224.636515
225.032852
225.429317
225.825429
226.22155
226.617551
227.025079
227.412366
227.805266
228.201807
228.604025
229.020645
229.408851
229.806126
230.202775
230.59855
230.994278
231.390556
231.789256
232.185688
232.581823
232.983979
233.379544
233.775454
234.171571
234.574207
234.970192
235.36567
235.761662
236.160436
236.555664
236.952133
237.347701
237.749897
238.137982
238.537409
238.933847
239.329313
239.725099
240.121403
240.523997
240.920013
241.315498
241.714482
242.117511
242.514319
242.911652
243.306539
243.702679
244.101385
244.497691
244.897079
245.292685
245.688388
246.086615
246.493821
246.884911
247.278845
247.675453
248.079404
248.475552
248.871161
249.266624
249.669593
250.065949
250.461692
250.860832
251.282264
251.671106
252.065153
252.464227
252.865429
253.261195
253.691252
254.086348
254.484817
254.880941
255.277266
255.707907
256.095569
256.494594
256.893236
257.289056
257.689303
258.085153
258.487733
258.904518
259.292624
259.688784
260.092207
260.488013
260.883908
261.279465
261.676576
262.072912
262.468108
262.864201
263.263272
263.659482
264.062708
264.461654
264.857457
265.253854
265.649511
266.051866
266.447144
266.854934
267.243406
267.64693
268.043078
268.438813
268.83821
269.234254
269.629709
270.025963
270.421785
270.81929
271.217833
271.614226
272.017417
272.40524
272.793115
273.188752
273.597889
273.993815
274.390262
274.786044
275.185453
275.58124
275.976646
276.371876
276.770847
277.16699
277.573467
277.961387
278.357087
278.752745
279.148252
279.565036
279.956232
280.352607
280.771874
281.185457
281.59421
282.002123
282.411499
282.818933
283.224424
283.630581
284.040879
284.448796
284.853507
285.257401
285.674097
286.082841
286.49098
286.894714
287.302674
287.713455
288.12347
288.531064
288.940147
289.350083
289.760682
290.176759
290.587384
290.998242
291.40012
291.811767
292.222019
292.632537
293.04842
293.45825
293.867895
294.275292
294.701007
295.125684
295.536705
295.925636
296.319285
296.71627
297.112258
297.516539
297.914055
298.31017
298.731242
299.128236
299.523838
299.920324
300.317533
300.713745
301.111578
301.507932
301.90747
302.315145
302.714301
303.12717
303.524112
303.918583
304.314398
304.710465
305.114299
305.510245
305.907476
306.303005
306.701907
307.097325
307.492907
307.890984
308.279702
308.667991
309.062997
309.459478
309.855453
310.351599
310.773271
311.16777
311.557391
311.957274
312.352325
312.750851
313.150725
313.546